Using driver default on device /dev/lirc0
  5847249

      377      475      397      471      395      473
      399      468      396      472      396    25223

     3417     1772      399     1337      399      487
      382      470      396      473      397     1335
      399      472      396      472      397      471
      396      473      395     1335      400      474
      409     1321      398     1336      400      471
      397     1336      401     1338      396     1337
      399     1338      400     1336      400      471
      396      472      397     1336      399      472
      396      472      398      469      397      471
      397      473      394      473      395      472
      396      472      396      471      397      474
      394     1337      399      474      394     1337
      399      473      394      471      398      470
      396     1337      398     1339      398      472
      396      472      396      472      395      473
      395     1335      404      471      395      475
      394      470      400      469      397      471
      396      472      399      469      397      471
      396      472      398      470      396      472
      397     1335      400     1336      399     1338
      399      472      395      472      397     1336
      400     1350      386     1335      399    35633

     3421     1771      400     1336      398      473
      397      472      395      472      396     1336
      400      471      399      470      399      470
      396      472      396     1336      400      471
      397     1335      401     1336      401      470
      392     1341      398     1337      400     1336
      399     1337      398     1338      398      471
      397      471      399     1335      400      470
      397      473      395      471      397      472
      396      471      397      471      396      473
      396      471      396      472      409      460
      396      471      398     1340      396      470
      398      469      397      473      394      473
      398     1335      399      472      397      484
      383     1336      401     1335      399     1337
      400     1335      400      471      397     1336
      414      458      395     1338      399     1335
      401      471      397      471      396     1337
      399     1336      401      483      384      472
      396     1336      399      474      394     1337
      399      473      396      471      398     1336
      398     1349      387     1336      401    35631

     3418     1775      400     1336      400      471
      396      473      396      471      396     1336
      413      459      396      471      397      472
      396      471      397     1336      401      470
      397     1337      398     1337      399      484
      386     1336      398     1340      396     1337
      402     1334      398     1337      400      472
      395      473      397     1336      398      471
      396      473      396      472      396      471
      396      471      398      474      393      472
      395      472      395      473      398      470
      396      471      396      473      398      470
      396      472      395      472      398      470
      397      472      395      472      397     1337
      398      472      395      474      396     1335
      400     1338      398     1335      401      473
      395      471      398      471      395      473
      395     1335      400      473      394     1337
      400     1336      399      472      396      472
      396      472      396      472      397      471
      399      470      396      472      397      471
      399      469      395      474      396      470
      398      471      396      473      394      472
      399      469      396     1350      389      469
      396     1337      399      472      396      472
      395      472      397      472      396      474
      393      472      397      472      395      473
      395      472      397      472      395      474
      396      469      397      472      396      471
      398      470      397      471      396      472
      399     1335      399     1337      399      469
      397      472      396      472      397      472
      396      471      397      471      396      473
      395      472      397      470      397      468
      400     1334      399     1337      400      471
      397      473      395      471      398      471
      396      472      395      472      396      472
      399      473      394      471      396      472
      397      473      397      469      396      472
      396      472      398      470      397      471
      396      472      397     1351      384      472
      397      470      397      473      394      473
      395      473      395     1336      399     1340
      397      472      395     1352      384      472
      397      471      397      473      395      471
      396      471      397     1337      399      473
      395      471      399      470      395      485
      384      471      397      471      396      471
      398      471      397      470      398      472
      395      471      399     1335      400      470
      398      471      408     1324      401     1336
      399