Using driver default on device /dev/lirc0
 10935752

      445      413      460      408      459      409
      459      408      462      409      456    25183

     3457     1735      439     1296      438      410
      459      408      458      412      456     1299
      437      412      456      410      472      396
      457      412      456     1299      438      412
      455     1301      436     1298      438      410
      457     1315      421     1298      439     1298
      437     1297      438     1299      439      408
      458      410      456     1314      424      410
      426      442      450      418      425      442
      428      440      426      442      427      442
      445      423      423      444      425      445
      424     1343      393      444      423     1332
      404      444      423      444      422      445
      425     1332      401     1335      402      446
      421      446      420      447      423      470
      397     1336      400      470      399      469
      397      471      397      471      398      470
      397      471      399      469      398      470
      396      473      395      471      397      471
      396     1337      400     1337      398     1337
      398      475      394      470      395     1338
      400     1336      399     1336      401    35629

     3426     1773      399     1337      399      450
      418      448      421      446      420     1336
      402      447      419      449      420      447
      422      448      418     1336      401      470
      392     1342      398     1336      400      471
      398     1336      400     1335      400     1336
      400     1351      384     1336      399      473
      395      471      397     1336      400      471
      396      472      396      471      399      470
      409      458      396      471      398      470
      397      471      397      472      397      469
      397      474      394     1337      399      473
      395      473      397      468      400      473
      394     1337      400      472      394     1338
      400     1335      399      472      397     1336
      407      464      397     1335      400     1337
      400      470      398     1336      400     1337
      398      472      396      484      384     1336
      399     1336      400      472      397      471
      396      473      395     1336      400      473
      396      472      409     1323      400     1334
      400     1336      401     1335      401    35635

     3416     1774      402     1335      400      470
      399      470      396      471      398     1335
      399      448      422      469      398      472
      396      448      420     1335      401      447
      422     1335      399     1336      401      470
      397     1336      401     1335      402     1335
      398     1336      402     1334      401      470
      398      470      397     1337      400      464
      403      448      419      447      421      448
      424      444      422      468      399      447
      422      447      420      470      399      444
      424      446      421      471      397      446
      423      467      400      471      397      445
      422      447      421      468      399     1335
      402      445      422      445      423     1336
      401     1333      403     1334      404      444
      422      446      421      446      422     1335
      401     1335      403     1333      401      447
      423     1332      404      445      421      446
      423      446      420      446      422      446
      423      447      419      447      423      446
      422      447      420      446      422      447
      422      446      420      447      421      447
      423      446      420     1337      425      421
      420     1336      401      449      419      444
      426      444      421      447      421      447
      422      445      422      447      421      446
      424      445      422      446      421      446
      425      446      419      446      421      448
      422      445      421      447      422      445
      424     1335      401     1333      401      446
      423      445      425      446      419      458
      412      444      424      445      420      447
      423      444      425      445      420      447
      423     1333      402     1334      404      443
      435      433      423      445      423      444
      422      446      424      446      422      445
      421      446      424      446      421      445
      421      447      425      444      422      459
      408      445      425      445      422      445
      421      446      425     1332      402      446
      423      444      423      445      422      445
      425      445      446     1311      404     1332
      400      446      423     1333      402      445
      424      444      423      445      423      446
      423      459      408     1332      404      444
      447      421      422      445      424      444
      424      445      423      446      422      445
      422      445      424      446      436     1318
      406      443      423      444      423      445
      424      445      421     1333      405     1332
      404