Using driver default on device /dev/lirc0
  9638428

      434      420      479      387      449      416
      459      414      482      385      480    25142

     3468     1725      449     1281      454      419
      449      439      427      417      480     1280
      428      416      450      420      423      442
      504      364      481     1254      452      416
      453     1282      452     1285      454      412
      481     1256      427     1310      451     1284
      453     1283      451     1288      475      387
      456      416      452     1295      441      416
      477      389      451      415      452      418
      458      414      423      442      478      390
      450      419      453      417      447      417
      479     1270      467      411      430     1283
      477      388      429      441      457      412
      453     1281      456     1280      458      405
      460      415      426      442      451      418
      451     1283      453      413      452      418
      452      417      451      416      452      415
      485      383      465      402      453      415
      479      392      480      410      428      415
      426     1311      425     1331      435     1277
      428      443      454      415      426     1310
      481     1254      455     1280      427    35611

     3469     1721      453     1280      482      387
      453      415      478      412      404     1308
      454      437      406      442      451      415
      452      415      454     1282      452      415
      451     1287      453     1282      454      416
      454     1281      474     1262      451     1285
      453     1297      439     1282      454      414
      481      410      458     1253      483      388
      476      413      429      417      452      413
      471      401      450      413      458      411
      479      392      451      416      510      380
      460      387      453     1281      452      415
      480      389      454      445      397      442
      455     1277      455      438      430      414
      482      386      455      436      429     1284
      425      444      479     1255      453     1283
      481      387      452     1285      478     1256
      453      418      479      388      477     1258
      455     1280      454      414      456      416
      450     1282      456     1281      455     1282
      451     1297      438      416      452     1285
      451     1282      481     1256      453    35604

     3448     1745      427     1284      450      420
      453      416      451      416      451     1283
      453      439      428      417      426      444
      451      415      479     1256      454      414
      452     1285      479     1255      482      384
      456     1282      455     1282      452     1284
      452     1280      456     1284      449      418
      480      387      454     1282      479      413
      435      409      481      387      453      437
      457      390      448      419      452      415
      478      391      450      419      451      416
      451      417      453      416      472      394
      452      416      454      416      450      411
      460      418      478      385      454     1281
      450      421      479      387      454     1280
      457     1278      482     1274      434      416
      477      391      455      434      429     1287
      479     1257      476      390      453     1279
      456     1323      413      438      432      437
      453      391      455      435      434      412
      453      415      450      420      450      417
      448      441      459      388      468      398
      425      444      448      441      431      416
      451      438      429     1285      451      439
      433     1280      482      409      431      431
      435      416      449      422      449      418
      446      421      450      418      454      436
      429      436      430      421      474      415
      425      417      451      419      468      403
      475      391      449      419      422      446
      451     1285      450     1282      427      441
      451      420      424      443      448      454
      417      418      448      439      429      416
      455      436      429      420      447      440
      429     1286      424     1311      451      418
      490      400      427      418      449      421
      449      441      426      440      406      462
      427      441      403      443      426      464
      403      466      425      419      451      433
      438      416      424      464      429      438
      406      443      439     1296      450      439
      431      416      448      419      449      418
      450      417      450     1309      428     1285
      450      418      451     1285      449      418
      427      464      429      440      429      437
      406      457      435     1309      428      439
      430      417      448      440      429      419
      451      438      427      440      404      463
      431      439      402      464      443     1295
      401      444      450     1308      430      436
      430      439      431     1284      451     1284
      453