Using driver default on device /dev/lirc0
  4285889

      389      477      395      474      394      471
      395      474      395      473      396    25212

     3425     1775      399     1339      398      472
      395      473      395      474      407     1324
      399      472      397      471      396      472
      397      471      397     1336      399      472
      397     1337      397     1348      388      471
      396     1337      402     1334      400     1337
      398     1337      400     1349      386      472
      396      472      395     1338      399      474
      393      472      396      472      395      475
      393      473      396      472      395      487
      381      471      397      471      395      473
      398     1334      400      471      396     1340
      396      474      394      473      396      472
      407     1329      396     1338      400      471
      395      474      394      473      396      471
      395     1338      400      470      396      487
      381      473      395      473      395      473
      396      472      395      473      395      474
      395      472      396      472      394      475
      395     1336      398     1337      399     1336
      401      470      395      473      396     1336
      399     1338      399     1385      353    35633

     3416     1787      389     1337      398      472
      399      470      395      473      394     1337
      399      475      393      472      395      473
      397      471      396     1337      399      474
      394     1336      400     1336      399      473
      396     1336      398     1337      402     1337
      398     1336      399     1337      398      472
      396      473      396     1336      399      474
      394      473      397      470      396      473
      395      472      397      472      395      473
      395      472      396      472      396      473
      395      472      395     1336      401      471
      396      473      396      473      394      472
      397     1335      402      470      396     1336
      401     1349      385     1336      399     1336
      401     1336      399      472      397     1336
      399      473      394     1337      402     1336
      399      473      394      472      396     1338
      399     1334      400      473      395      471
      392      476      398     1336      399     1336
      401      470      397      472      396     1336
      399     1337      400     1350      386    35637

     3415     1773      401     1337      398      472
      396      472      396      472      396     1336
      400      473      394      484      386      469
      396      473      395     1337      398      475
      394     1336      400     1336      399      472
      396     1338      401     1335      399     1337
      399     1337      399     1336      401      471
      396      473      394     1350      386      473
      394      473      395      472      395      474
      394      472      397      471      395      474
      394      474      395      471      396      472
      425      445      395      473      396      473
      395      471      397      472      395      474
      394      472      396      472      396     1337
      400      470      396      488      383     1335
      398     1336      400     1338      399      472
      395      472      396      472      397      471
      396     1348      389     1337      397      472
      398     1336      398      472      398      470
      396      473      394      473      396      472
      395      487      382      472      397      470
      397      472      396      472      395      473
      396      472      397      471      396      472
      395      472      398     1336      397      475
      396     1336      397      473      398      471
      395      473      396      471      398      470
      395      474      394      474      395      471
      397      471      397      473      394      473
      395      473      395      472      397      471
      396      473      395      472      395      472
      396     1337      399     1352      385      471
      396      472      395      473      397      470
      397      472      396      472      396      472
      396      473      394      473      396      472
      394     1352      387     1336      398      472
      398      470      395      475      393      471
      399      469      396      474      396      471
      398      468      397      473      396      472
      395      473      395      473      395      472
      396      472      395      475      394      472
      396      471      397     1337      399      472
      396      471      398      470      396      472
      395      472      397     1337      398     1336
      400      473      394     1337      400      472
      396      473      395      472      396      474
      394      472      398     1336      398      472
      397      471      396      473      395      472
      396      472      395      475      394      472
      396      471      396      474      394      473
      395      472      396      472      397      471
      396      472      396     1336      400     1331
      407