Using driver default on device /dev/lirc0
  6338989

      447      414      461      409      456      408
      460      408      459      410      458    25157

     3491     1736      430     1304      430      409
      461      407      459      410      457     1306
      430      411      457      409      459      409
      459      409      458     1305      431      409
      461     1302      432     1307      430      408
      460     1308      428     1305      432     1303
      431     1305      431     1305      431      409
      457      411      459     1303      432      412
      457      409      458      409      459      410
      458      409      459      410      458      410
      458      409      460      408      460      410
      457     1304      457      380      466     1301
      430      409      456      424      446      410
      460     1311      423     1307      431      408
      459      411      458      408      461      406
      459     1305      433      407      459      411
      457      410      460      406      462      409
      458      410      459      407      460      409
      459      409      458      410      459      410
      458     1304      432     1310      421     1309
      431      408      459      409      458     1306
      430     1305      432     1303      432    35574

     3480     1745      432     1301      432      409
      459      407      459      410      458     1304
      431      411      458      410      458      409
      459      409      458     1318      419      409
      458     1305      431     1306      430      409
      458     1307      429     1305      446     1289
      432     1306      428     1305      433      407
      460      409      458     1332      410      406
      456      449      423      406      460      409
      458      409      460      408      459      410
      457      410      460      408      459      410
      458      409      458     1305      445      396
      458      411      456      410      460      408
      459     1304      433      408      458     1305
      433      407      459      412      458     1319
      415      410      458     1303      433     1303
      434      407      460     1303      432     1303
      447      396      458      409      459     1304
      432     1301      435      409      458      410
      458      412      456      410      458      409
      459      412      457     1302      433     1304
      431     1303      434     1301      434    35578

     3474     1739      437     1301      433      410
      460      408      458      411      455     1302
      435      410      457      410      457      411
      458      410      454     1311      429      415
      456     1300      436     1304      431      409
      459     1301      433     1302      435     1300
      433     1302      435     1301      435      410
      458      409      459     1300      436      410
      458      409      461      407      461      411
      455      411      456      411      459      410
      455      412      455      413      457      413
      455      411      456      412      457      411
      457      411      456      412      471      396
      457      410      455      413      459     1301
      430      414      458      409      460     1299
      435     1301      433     1305      436      408
      455      412      459      410      459      408
      457      412      457     1302      432     1305
      435     1313      421      409      456      412
      456      414      455      411      460      408
      455      414      456      410      460      408
      458      411      458      410      458      422
      445      411      458      410      458      409
      457      411      459     1299      436      409
      459     1300      434      411      459      410
      471      396      459      409      460      408
      457      412      457      410      460      408
      459      411      455      412      458      409
      456      411      459      409      459      424
      443      410      458      411      458      409
      457     1303      434     1300      436      409
      460      409      456      413      457      409
      473      395      456      411      459      409
      458      410      457      410      461      407
      458     1301      436     1300      435      411
      458      405      468      407      454      412
      460      408      462      408      455      411
      460      408      459      410      455      412
      460      407      460      411      454      411
      476      392      460      408      457      412
      458      410      457     1302      434      410
      458      411      456      411      458      410
      458      409      460     1317      417     1301
      435      411      456     1302      436      409
      458      410      459      408      460      409
      460      408      473     1286      436      408
      459      409      458      412      456      410
      460      408      458      412      456      410
      458      409      459      411      457      423
      446     1299      436     1300      435      412
      456      411      457     1300      435     1301
      437