Using driver default on device /dev/lirc0
 16777215

      402      427      422      446      419      448
      422      447      419      447      421    25179

     3458     1775      402     1335      400      470
      399      483      383      470      396     1335
      400      472      396      470      401      468
      396      472      398     1335      400      471
      397     1337      401     1336      399      471
      398     1335      398     1337      403     1335
      397     1350      389     1334      402      469
      398      470      397     1336      400      471
      397      470      399      447      420      472
      396      470      411      457      396      448
      422      469      401      468      397      472
      396     1336      403      470      395     1336
      400      471      397      483      384      448
      421     1335      400     1336      402      446
      420      470      398      447      422      469
      400     1333      414      435      419      473
      396      470      399      447      419      473
      397      469      400      468      397      470
      399      469      397      470      398      469
      399     1348      389     1335      398     1337
      400      446      421      446      422     1335
      402     1334      429     1311      398    35631

     3423     1770      404     1334      401      468
      400      446      419      472      397     1335
      400      447      421      448      422      468
      399      471      395     1337      401      469
      398     1335      401     1334      403      447
      419     1349      388     1336      399     1335
      402     1334      402     1335      401      447
      419      448      421     1335      399      448
      421      447      423      468      398      472
      395      448      422      469      399      471
      396      447      422      447      419      447
      422      470      398     1337      400      468
      401      446      418      447      422      470
      399     1333      401      447      422      446
      423     1333      401     1336      400     1334
      401     1335      402      446      420     1336
      402      445      423     1335      402     1332
      402      447      419      447      422     1335
      401     1336      403      445      420      445
      423     1334      403      446      421     1333
      404      445      421      447      422     1333
      403     1333      401     1337      402    35612

     3445     1765      400     1335      400      447
      421      447      424      447      418     1335
      404      445      419      473      398      446
      423      445      422     1334      401      447
      420     1336      402     1336      399      446
      423     1349      385     1336      401     1334
      401     1335      420     1316      401      447
      422      445      434     1323      402      446
      421      469      397      445      424      447
      420      470      397      447      422      447
      420      447      421      447      421      446
      423      448      420      470      401      467
      398      446      421      448      421      447
      421      469      398      448      423     1336
      398      447      434      435      419     1335
      402     1334      402     1333      402      446
      422      447      421      446      421      469
      399      460      408      447      421     1334
      400     1337      403      445      419      447
      422      446      424      446      419      473
      395      447      436      434      420      446
      421      447      422      447      420      447
      422      469      399      447      419      447
      422      447      421     1335      401      459
      409     1335      400      446      422      447
      422      447      421      445      422      446
      422      447      422      447      419      447
      421      448      423      447      419      470
      397      447      422      448      421      445
      422      446      420      447      422      446
      422     1335      400     1349      390      446
      419      447      420      448      423      468
      397      448      420      448      422      447
      421      446      422      447      420      447
      421     1348      387     1336      401      446
      423      446      420      447      423      446
      421      469      398      445      423      446
      421      455      414      468      400      446
      420      447      422      468      402      446
      419      447      421      470      400      447
      418      447      421     1336      401      469
      399      446      421      449      420      471
      397      446      421     1334      401     1334
      401      447      421     1337      400      447
      425      444      420      470      398      470
      401      444      422     1335      403      444
      420      448      421      446      424      468
      397      447      421      447      425      445
      420      471      396      447      422      447
      420     1334      403      447      419      448
      422      469      399     1333      402     1335
      401