Using driver default on device /dev/lirc0
 16777215

      395      495      379      471      396      473
      395      472      395      473      395    25226

     3416     1774      398     1338      399      472
      396      472      395      473      396     1337
      397      473      396      472      396      472
      396      473      396     1338      398      472
      397     1337      398     1336      399      471
      396     1332      406     1335      400     1338
      398     1338      398     1337      399      473
      396      473      393     1338      399      472
      396      471      397      472      395      473
      397      470      396      473      395      474
      396      471      396      474      393      487
      384     1335      399      472      397     1337
      397      473      397      471      395      474
      394     1337      399     1350      387      471
      397      474      393      473      396      471
      397     1337      399      471      396      473
      396      471      396      473      394      487
      383      472      395      472      397      472
      398      469      397      472      395      473
      396     1337      398     1337      399     1348
      388      472      396      472      396     1336
      399     1338      400     1337      398    35621

     3434     1775      400     1349      386      472
      396      471      397      473      395     1338
      400      472      396      470      397      472
      396      471      398     1349      386      469
      398     1337      397     1337      400      473
      394     1337      400     1337      400     1334
      403     1336      399     1337      400      470
      398      473      393     1337      400      473
      394      472      397      483      386      472
      396      471      397      470      397      471
      397      448      419      449      421      469
      400      469      397     1336      401      448
      418      475      394      471      398      469
      398     1337      392      460      416     1335
      402     1343      392     1353      382     1335
      399      448      420      448      420     1337
      400      468      400     1336      399     1337
      400      450      418      448      422     1336
      399     1335      400      448      420      447
      422      447      422     1335      401     1349
      385      446      424     1337      398      446
      421     1337      398     1335      401    35625

     3433     1775      399     1349      386      446
      421      446      422      446      423     1334
      402      445      423      445      422      446
      421      447      422     1336      402      446
      422     1334      401     1336      400      448
      420     1336      401     1335      400     1348
      387     1337      402     1336      398      448
      422      446      420     1335      402      447
      420      447      420      459      411      445
      422      445      423      446      422      446
      420      450      420      448      421      446
      422      445      425      444      421      446
      422      446      436      434      420      446
      422      446      423      446      421     1335
      403      444      422      445      423     1336
      401     1347      388     1342      385      445
      423      448      419      456      423     1330
      406      446      420      441      428     1337
      417     1317      398      447      422      446
      422      446      422      446      423      445
      422      446      421      447      424      445
      420      448      420      447      425      445
      420      447      423      446      423      446
      421      446      421     1336      399      448
      421     1336      400      446      435      433
      422      446      422      446      422      446
      422      447      421      446      422      447
      421      446      422      449      419      446
      422      446      422      461      409      444
      422      446      421      447      422      447
      420     1335      402     1336      399      448
      420      447      422      446      434      434
      423      447      420      446      421      446
      424      446      420      446      422      447
      423     1335      398     1336      401      460
      409      446      421      447      422      446
      421      447      422      446      420      448
      421      446      421      447      421      448
      422      446      421      446      434      434
      423      447      419      448      421      447
      423      447      418     1336      402      448
      419      446      422      447      422      447
      419      459      409     1335      401     1335
      403      447      420     1336      399      449
      420      447      420      448      421      446
      434      434      421     1334      401      446
      422      446      421      448      421      447
      423      445      421      448      421      446
      421      447      421      478      393     1334
      400     1336      403      446      419      447
      422      446      422     1336      398     1338
      399