Using driver default on device /dev/lirc0
 16777215

      388      472      398      469      399      470
      397      470      397      472      399    25220

     3416     1773      401     1337      399      446
      419      450      420      470      397     1349
      386      448      421      469      398      470
      397      448      422     1335      400      470
      399     1336      399     1332      405      446
      421     1335      402     1336      400     1336
      399     1335      400     1349      390      468
      397      448      420     1336      402      472
      396      445      421      471      397      471
      398      469      397      448      421      470
      414      454      399      469      397      448
      422     1336      399      470      399     1336
      398      470      399      469      397      448
      420     1350      387     1335      399      448
      422      470      397      471      396      449
      420     1336      402      469      397      471
      409      458      399      469      398      472
      395      448      419      472      398      470
      398      469      398      470      397      471
      400     1334      399     1350      386     1335
      401      449      417      473      397     1334
      401     1334      402     1337      431    35604

     3416     1785      392     1333      399      472
      398      471      396      472      395     1336
      401      473      394      472      395      473
      396      473      395     1336      398      474
      396     1339      398     1335      400      471
      397     1336      398     1353      386     1335
      398     1337      401     1335      401      469
      397      473      395     1336      400      473
      395      471      397      471      397      471
      398      471      394      474      395      472
      396      472      396      472      396      473
      396      470      397     1351      386      470
      397      471      396      473      397      470
      395     1338      401      469      397      473
      396      471      397     1347      388      471
      396     1337      398      472      398     1336
      398      472      395     1339      398     1336
      403      471      395      471      397     1335
      401     1336      399      471      397      471
      397     1337      399     1350      385      471
      398     1336      399     1337      398      473
      395     1336      400     1337      399    35631

     3423     1788      385     1337      400      470
      396      475      394      472      397     1337
      397      472      396      472      396      474
      394      472      410     1323      399      471
      396     1337      400     1336      399      472
      397     1337      398     1350      386     1334
      402     1336      398     1337      401      471
      396      471      397     1337      398      471
      395      476      395      474      393      472
      395      472      396      474      393      474
      394      473      396      473      396      470
      397      472      395      474      395      473
      397      472      395      472      396      471
      397      472      395      473      397      470
      396      473      396      472      396     1335
      400     1350      386     1336      402      469
      396      474      394      473      397     1337
      397      472      398      470      396     1350
      389     1336      398      470      397      472
      396      472      397      470      397      472
      396      473      395      471      395      473
      397      471      411      457      395      473
      396      472      398      471      395      472
      396      471      397     1338      398      471
      398     1337      398      484      384      470
      398      470      396      472      398      470
      397      473      395      471      398      470
      395      475      395      472      398      469
      396      473      395      473      395      472
      396      473      395      471      396      472
      398     1337      399     1336      398      473
      396      471      397      487      382      470
      396      472      396      472      397      470
      396      474      395      471      398      471
      395     1336      402     1336      399      472
      397      470      395      474      394      473
      396      472      396      472      396      472
      395      472      397      473      395      471
      396      471      397      474      394      472
      397      471      396      474      395      471
      396      472      397     1336      398      473
      394      473      398      470      396      472
      396      473      395     1337      399     1335
      399      475      394     1335      400      474
      393      472      399      469      396      474
      398      469      395     1339      398      472
      395      473      395      474      394      472
      397      471      397      470      396      473
      395      473      396     1339      399      471
      395     1337      401      471      396      471
      398      470      396     1336      403     1334
      399